rgb：
encoding: "rgb8"
distortion_model: "rational_polynomial"
D: [-0.032486386597156525, 0.03626769408583641, -0.00018896891560871154, 7.793230906827375e-05, -0.012594038620591164, 0.0, 0.0, 0.0]
K: [367.9948425292969, 0.0, 322.73687744140625, 0.0, 368.0999450683594, 233.8047637939453, 0.0, 0.0, 1.0]
R: [1.0, 0.0, 0.0, 0.0, 1.0, 0.0, 0.0, 0.0, 1.0]
P: [367.9948425292969, 0.0, 322.73687744140625, 0.0, 0.0, 368.0999450683594, 233.8047637939453, 0.0, 0.0, 0.0, 1.0, 0.0]

Depth:
distortion_model: "rational_polynomial"
D: [0.0, 0.0, 0.0, 0.0, 0.0, 0.0, 0.0, 0.0]
K: [367.9948425292969, 0.0, 322.73687744140625, 0.0, 368.0999450683594, 233.8047637939453, 0.0, 0.0, 1.0]
R: [1.0, 0.0, 0.0, 0.0, 1.0, 0.0, 0.0, 0.0, 1.0]
P: [367.9948425292969, 0.0, 322.73687744140625, 0.0, 0.0, 368.0999450683594, 233.8047637939453, 0.0, 0.0, 0.0, 1.0, 0.0]