RGB：
distortion_model: "plumb_bob"
D: [0.0, 0.0, 0.0, 0.0, 0.0]
K: [607.1786499023438, 0.0, 321.0275573730469, 0.0, 605.9725341796875, 243.97653198242188, 0.0, 0.0, 1.0]
R: [1.0, 0.0, 0.0, 0.0, 1.0, 0.0, 0.0, 0.0, 1.0]
P: [607.1786499023438, 0.0, 321.0275573730469, 0.0, 0.0, 605.9725341796875, 243.97653198242188, 0.0, 0.0, 0.0, 1.0, 0.0]

Depth：
distortion_model: "plumb_bob"
D: [0.0, 0.0, 0.0, 0.0, 0.0]
K: [417.673828125, 0.0, 423.269287109375, 0.0, 417.673828125, 234.1432647705078, 0.0, 0.0, 1.0]
R: [1.0, 0.0, 0.0, 0.0, 1.0, 0.0, 0.0, 0.0, 1.0]
P: [417.673828125, 0.0, 423.269287109375, 0.0, 0.0, 417.673828125, 234.1432647705078, 0.0, 0.0, 0.0, 1.0, 0.0]



